50707070706
206110305
50909090912
10311131213
21414070713
50505140505
902051104
10708081002
31406140914
21305080813
11314061114
10202131207
20509100905
413090703
11407101110
10613021102
41314131413
10804141010
1004070902
507110612
20203120212
30710121212
50808050808
309061407
40903030309
30313131013
51212101212
11410100805
206040313
41108080811
41106061106
30905070707
409071203
10707141311
40913131309
50505050805
20311031112
30807070207
11106100210
20503050314
407101311
30614060611
41312131212
21102100210
711020608
20808110404
406081112
1407051110
20610060910
30412020202
1008060913
20610060707
1207090603
10611140303
11107050709
410091406
31010071009
20202061313
10213121211
11411100914
11205051410
20612030312
409131014
10202050714
41111111414
1406090805
30207070714
1006141105
406101411
30707050407
41113131113
712030204
604051107
10304130213
813140907
50505050504
10514060613
50808080802
50705070707
30904050505
10407081108
20406020604
51010100710
10311081010
10702080608
30905130505
1412051009
21111021414
11414071202
20707141111
50803030303
610080907
20303071207
30209140909
40202021212
908050304
20211020711
21405130513
11205130507
30406070404
30909110902
503041309
20207110702
41007071007
30606070611
50610101010
40404020202
31405100505
20209090204
1208110906
11213030606
1113050402
11013130608
208100411
20212021112
30404041312
31308080308
10405141105
30310031403
10811090813
10409130808
50214141414
50202020213
11114020505
21212110808
21014030310
20906120906
31207070708
1412041110
30403040604
702110805
711031405
10314050311
30514051205
30313131309
11414040512
40606090909
30412131212
10208021105
41106111106
11005101107
10304041007
412100314
20607070808
20910061009
40703070703
607051204
51313071313
40606131313
11105020805
10702090302
40909100910
51010101002
40508080508
40513050513
20510070710
30508030303
10910071111
803110506
20414111404
30606020906
20513091309
304070814
11112080208
11104040712
41410141410
1006140708
405100912
11009121013
51212021212
10810031103
40403040304
50307070707
10804061108
30514050511
21014061006
30808080406
205031407
41302130202
509100411
51406141414
911021207
50505050905
11409041114
30606061314
21404140204
31102070202
40603030306
11113030606
11411140706
31208120712
11411140510
1305100612
11104141106
31002101110
11211120902
11009100402
10813090814
1013090306
11308031311
21114090914
20812121111
10705130307
11411100202
10407060705
21011100505
1411050612
504110913
31010101107
11109041102
11314040213
10514120405
30713070702
10309070713
805090610
50909090609
311080412
406070812
41405051414
10804100707
11409121208
51010100410
1009070602
709130204
11307131403
31105040404
11211091205
30606131106
50505060505
11413091308
210081411
51311131313
30505110508
30707071308
20208100210
20606111313
30513031313
50303030903
11108040403
50814141414
40709070909
11011070807
11402020613
40606131306
1105070602
40713071307
20303060613
51212120912
11414130506
10310050313
31010101312
11402140511
10214021310
30602040606
10414051314
40202060602
10206021114
10313030711
11111141008
20904060406
912030810
1109120206
50404040604
50606050606
10709090813
10213120602
11204060408
30212110202
10904061206
10404140711
209140513
10811020408
20909070703
408031307
50202020402
50409090909
20808051111
11208081103
10208100404
30408050404
11004110211
20504051414
30503030313
21313060707
20202040412
30206020209
1305141004
311050610
10211060505
30808120811
20808070303
11004111113
21414031103
10811121207
51411141414
21006100604
30503030603
1112130214
11409090806
51413141414
1304061211
31410041414
10505071109
10402090809
406070805
1104101402
31114121212
20813100813
1209020810
30511050507
407111009
31105141414
1311020714
10810050908
30703071307
20408030803
31309110909
1014130805
1208031102
10702121205
30612121205
21210091009
914081305
21211101012
11113130310
21405121412
308101409
20505101310
30802021302
51414141407
30510100910
911141310
903051207
21313020204
21013111310
50310101010
11214110612
310080607
314100902
30707030708
11409121411
50808040808
20213081308
61111111111
21303080313
714030608
611140210
50202070202
20513080513
21414071010
10411040910
1409121303
31414051407
408050709
20504040605
20904090411
31314140514
11310091002
20704040303
10407111212
50202020212
10902130505
11108111006
30414141411
30311020202
30404041011
50404040409
1204090802
20503031105
903071105
20404090907
1203081013
10409030402
10911090812
509140712
11312040808
50606060602
40705070705
20906120612
10404111302
20902091102
11411080214
10606140405
410020612
30603030903
51103030303
40909060606
51010111010
30702110707
30810101011
1011040702
41010030303
10414031103
313061011
511121402
31414040614
504030907
20606041104
30908130808
1209030405
31004040402
31309090905
905130803
1307040906
30908090910
30903090409
912030602
10610050706
30808141308
50909110909
10411100911
40507070505
11106061307
41014101014
10507071312
21414030310
30404041107
10702071406
214100713
41010100202
30611060609
512140613
805061107
905031307
10606020814
40912091209
31410101008
20913070713
20807050508
10906140214
30604060611
31402021102
30707070204
10905091008
31004081010
10203120802
30307030903
30808070812
30407071407
51212121208
11202071209
10509060610
31313061013
50507050505
1108020614
21105100511
1409130611
30505020510
10813070913
51111111108
1007060205
50602020202
41212120303
20202090707
1013030409
50502020202
40404090904
10313071309
10707100605
30211121212
10213060913
307130810
50909030909
21114140606
10502060611
20906111109
11114060909
31305130713
811060709
310110608
30410101013
1009110813
30611050606
40308030803
51205121212
20208081010
51005050505
806071002
11110131012
1412100402
1403060407
40202060606
30607070507
10914040902
41414040404
51212120312
30211111109
40403030403
31207030707
20404091212
912071011
312020904
1105061303
11310101406
902140512
11114031108
51212121204
31002041010
702100613
20408041212
313111005
21306140614
40511110505
50505050511
21212031103
11014071409
11310031011
41210121210
1303090408
41111070707
811030706
1407120906
708111210
11411101012
30909070910
214111310
21009090710
11206121307
1410030207
20907110711
41414140404
914040310
41111020202
21303031305
10308120311
812130405
50707071207
11102070902
41213131213
30607071207
51313130513
20202050513
30503140505
10208090606
30802120808
1208140504
10911071102
708051302
11010021405
708050902
51403030303
1213020604
11109121012
31413140614
1005030914
10909111013
31108030303
903121002
21411110914
40807080708
20406060403
41414141313
11104131413
507040810
906120403
30813080811
11309050606
41004041010
603100711
911030602
20303131113
30707070809
802030910
506030910
20911131109
1013081209
10405140714
10906110908
11011091310
50905090909
50411040404
31105050509
1412130805
209131012
30205020203
1206020305
30909030908
30505091405
1209080405
413050811
20404051313
41414070714
31107090707
20206050206
405141202
11208031010
41313101310
31306131113
31313130403
50303031003
30404020414
11408080210
50404040804
11210031303
11107040713
209130310
20406040605
30505110205
21413021314
510130314
10311100404
20404020302
512111007
314130805
21210101214
708031204
41212120909
10411121412
313100208
609140208
50707070709
30506050510
40714071407
31413141408
21304110413
31307070711
11212061311
31407071107
10410070712
10312141111
1404091311
40405040405
30612060607
11108120912
20510051002
508101102
205070414
1304031209
30906060613
11112041113
20511031103
612030708
11102111014
10208030602
813031104
51212121211
313050602
30304040904
1304080203
31404070404
11306101106
20703030702
31005101007
21313110909
20614061014
211080406
20905100910
10703101011
40506050606
40308030808
40303141403
10905130705
30811040808
10705130502
20411111313
10504080803
30805051205
20808061306
40302020302
10906130910
20504080805
21411121112
41010111110
10412111313
10913041113
20507050202
11014030311
11002110203
21404061406
41308080813
607141003
30407040204
11110051114
11204131414
912030608
20505101414
21414080202
40505040405
30811070707
40810081010
30810101002
20202040505
50612121212
30908080805
11213100412
20909100606
51107070707
30404031104
1114020308
10605101210
913060514
512130208
711080210
712031005
10808090511
11007030712
10903030613
10211070507
51010091010
30813091313
10414130411
30404030804
10707120811
10506100503
10202100512
11007060604
40606121212
41409140914
41414030314
31313131411
31313081307
51313131309
30303110307
20205100210
31305091313
30409100909
414060912
21113021102
11103041313
1305120706
51414141405
11411041408
11406081006
21202021214
1311060302
1114050702
410141308
310050713
1404020711
30509110909
20502020506
21310131414
10904050903
40914140909
20611110602
11007030203
10213120303
50404040204
21404060406
50808080814
30505070502
11109031209
20803080314
11305070807
30202070212
31313111303
10208081103
21314140404
41007101007
40404070704
51106060606
1207081305
30703140303
41411141114
41212070707
10411140808
40807070708
21306071306
20714070614
11006140810
1405060208
51308080808
40307070303
51108080808
612070902
10607070212
40202131313
50505050502
410061408
41313130505
40903090903
10408080509
50604060606
30404110402
212140607
10903071309
41309091309
10505031110
10809050911
609101305
10803031309
30707071403
31106060602
1114090510
51313131213
51313131306
409051014
1203130906
1413040305
21207070404
41414021402
41010091009
10209081309
20211110303
30514141403
51313131302
11010030413
30404020408
10505110914
40706060707
20211060602
11309041209
31010111210
11002101311
11102040212
30312120912
11203041303
21007120712
30602020211
10711100907
10303131411
309080510
20308060603
11102060203
31402030303
40704040707
40303031111
50808070808
30407071307
40503050303
705020613
214030610
51013131313
11103030602
41013131010
30606080609
50908080808
20508080305
40505020205
51410141414
10410031103
203130509
30909090302
30613131213
20909021313
10805051113
31212121103
209120308
31105040505
1303090712
10704110706
41003101003
30606111206
11313060308
311020713
30411140404
20804081204
50303030306
11414050902
20805030503
30210101009
1410111203
307020613
20202030403
11406140411
1305061014
30612121209
306140905
31212110612
11012040504
50909090914
10513030306
30505080305
1106100309
10410090413
41112111212
214030608
31206121214
40908080909
40413130404
11214140906
810051404
41111101110
30208081108
41109091111
709021104
11205020606
11114140902
11402090809
1104080603
1112080413
30512120812
40606140614
205110806
10814080402
50202090202
21407111407
712110214
20505061106
10607030709
203121413
40404121204
1205130803
20911051109
812020706
710130402
30206090909
20806080404
10914091103
20710071310
11414121013
10906130509
21206120611
31414111403
512020308
314120502
41408140808
50603060606
31408141411
10906070407
40505050808
31004020202
50909080909
313091205
40207070207
21010121209
10405081313
211070814
30202041402
50909130909
40404080804
30206101010
1204051307
10403031410
11212101311
409100811
805101213
912041407
609020813
11004101309
10402020610
31407060606
312080605
51407070707
30707100607
40202100210
31414141102
10612031205
30303130308
11314101411
50606060608
11203131302
31414071314
904131211
1309101206
20811081211
11209141309
10711110312
30707070604
11409131406
20610060310
1304140607
30202081102
20311090309
30608080508
50305050505
51414140914
11409040905
11205051102
11109120902
20903070307
31005051105
11308090202
1114040902
31011141010
50414040404
10407090202
10204140902
10511140909
1413101108
31206131212
40709070907
712091410
10612020608
804060910
41205120512
50404040704
30408020202
41313030303
51313130313
206051011
11006101311
11307060604
31009101011
20606030309
1402090811
1314041007
41313130404
11110070404
41412141412
50202021102
31414111407
10313041104
10911121203
41104110404
1206110803
20808020211
41405050514
1009060403
50707070807
